391496064
99917553
5800596
394172707
108828989
90154365
150017883
157236789
1580239374
7059905128
40146845
80362500
97370437
2840344
204220854
132973383
117797730
147647777
473468533
147128744
154203639
39659445
986178
79627313
637372
168921872
260045408
58462501
34564877
248893819
120961258
358810971
176695740
287203957
158503711
7107173199
544604253
5977990316
766450
242493574
90080849
619316240
60809801
222942844
215626239
237839378
5135682522
157932356
159702473
35333360
462652224
135873954
636771082
506810182
121405857
255891715
185679171
40431235
256581511
204604933
1277273
280996458
2868664
291570855
123900655
181293689
79612802
96834550
5613595
1317950
690051345
222606186
41500211
184041450
31777247
429770
787957058
48989657
423808742
44279561
199210002
457806957
80344857
376972011
114388667
6899424764
241469061
266320259
221420968
357136857
862705989
39509729
223941064
1399877049
108884918
420970506
801329357
166251246
126601697
154155055
40441805
428912796
50526181
89301427
154348275
276079928
45302352
770399
960338
5134167037
953045207
284992164
150182728
483786
236520132
62169829
98789413
430646417
113490557
193208333
88828384
142464588
111271777
213656937
23902280
1748432
217033261
112918603
71524952
399082770
234776106
108040312
384966
42246983
146658406
298421955
270368613
244332520
124343817
509112
86184875
62367267
273506702
402390491
225195272
26943105
80068958
36515755
421049842
89307233
32995172
6814420346
1832920700
33816421
128096325
325718029
2088338462
234203247
199194369
150663306
74057666
36056961
32339994
139355080
343321219
184686585
128293063
519145635
101763960
1216916
34804790
2330314
953594359
165995835
143118435
64031388
147297924
41138292
297206629
492997794
222829673
173616809
204762587
129482161
38042589
69463319
303627122
112286833
370559399
526937261
214657973
260437153
113697523
140529734
1348438810
673249463
262175543
146745335
92162952
235243959
1286792635
66526887
313008727
221549674
219173746
1169240
441146596
5180248230
350307747
1338068648
385479192
73513322
438854141
271753227
187667760
1549438290
6159912567
299105960
43576774
960194206
111782725
366609172
47486822
219621946
108985645
350460246
227013706
786020085
282553042
1302529
356859903
29462028
209048206
97253230
888270141
45107737
459808909
184261947
388701905
687804929
56861547
5764414609
146794
648216801
128580407
50921357
69423153
5528989686
1235433892
414548060
104655587
192664693
287170031
197205924
322804054
48454332
170938336
611721
199092618
313985615
465854
1673691017
1161283542
295773179
116657264
107996203
91775643
52591806
853542
235876114
110245821
54094555
1390752
218762341
276380420
237212129
376718156
222642882
360286420
109461253
112614899
304385807
55172102
63067524
622166182
621422088
2930933
572891233
386830606
179971099
334099160
1458017
848730
326070831
353338959
336894586
84350574
63907528
107461890
7629998
362037343
1504372
441903496
423501509
308552322
106431263
529695387
59261432
938733284
196611193
116634399
52308619
446228715
241952378
872310
301170525
163689258
148108520
444028983
381405
36174300
56166654
949262
18846017
315475268
207984111
1838196691
263156959
6244780791
278227888
241154130
93666940
67532578
153801109
161586806
845314071
124577486
33833629
6478589693
307055716
191476916
73643284
1025776619
119730462
18537693
177328679
698967657
249872295
415446269
282154494
154883172
268035
12216857
75324609
453849336
497543703
104887251
248513406
299349419
274019454
94936835
126002983
267633329
84380711
360653573
1653127614
472996412
89255500
109447400
773271188
120595818
88863531
302452773
105697514
92784862
5498365047
1088974306
482463312
545919950
228741002
271234231
1577205894
809559975
316807009
50861761
454319890
276697086
1956483
317280408
386010645
310130535
203341926
361866425
347610
136667545
445276
130420584
131234056
1093349060
357195638
240032251
45944997
527918891
151435395
257414506
82181028
99467771
1563430784
694942367
198219665
215731684
533035260
148742
169066074
201636077
139324495
195385314
77400368
239080857
1491090360
70072970
135359356
1270290491
151496290
214526039
49920396
559301206
1073170
1308155025
185329423
257908826
173387218
859425078
450005175
298483896
16422656
154029883
116188157
389451119
129445709
140801090
228352577
354113926
421250053
90595806
350329116
710890713
240563129
193444576
6085762966
132187170
2533848
346144280
172730635
172505669
1384306559
146358140
5566725623
399331826
14862105
221377913
30218271
920457284
920709551
12489617
433699053
5257171318
217300413
446148073
739653
287922262
318488904
58128143
254453
155524268
177714379
521636326
69105969
26488750
223184340
1955554915
835541380
6555308715
116349535
71465286
163875784
164009819
881539305
211570366
138705460
348537751
5240464
105414125
46169231
414527016
229245875
112915299
410584052
759331327
171824237
177905359
1310209122
67627071
103850536
12179561
1137879204
1493440720
146501292
73582302
208072078
64895617
24497009
398249
202638957
559543441
6794091454
27201164
146205357
38625843
931834463
152635613
304265813
138194996
724087083
769200076
1130157794
72461403
169683809
5405122947
110841538
1036148338
686563
159428614
140743851
463076651
62981488
623496249
153064993
116932990
1712064
554790211
118818308
178251151
136794303
170787884
241299963
36070522
299244188
340854714
134956443
870285329
69062067
104238535
287066271
412982588
138639193
185757893
6035711483
1505389
327366140
197722782
972369190
182847367
78376509
76126045
163027456
717702
94584923
1526040369
75122718
277787988
60599425
237655209
262366901
340101376
114256226
381530905
38178703
359936566
334969392
711352
142949331
471497021
1183329521
200856286
223724013
171261111
524143862
435113890
6459768963
183913824
21176993
206662948
228561905
153260242
249040014
190513244
404749587
120693037
5899981494
139267055
6385203092
279470153
581132176
179835199
1007782433
75524586
433406901
2724420
805666391
642963305
1773936
81704749
279187191
155792715
955802048
258729065
268460298
375135381
120586433
6016505301
30485531
17171087
6651245986
108809559
5564387102
5269304772
311566565
259677237
151159380
102087444
491309175
219130823
38508643
26476333
363999479
457048467
332764709
331224865
93212972
435408110
319170067
188598824
205208285
154560384
111185413
299008934
173843556
281275547
5273950705
653909444
1607522235
6742356557
59972723
590172411
1638841093
92601577
329436748
386994
80416245
322342894
188472115
235028043
405479247
135116874
218619456
130109964
24302819
135168621
244315323
98899319
161301850
401166590
220029619
5630542462
1128792377
440400030
1830981083
110609988
129255541
215218462
373783272
208830314
190295239
148131936
1797499272
434278
265223641
315418106
94814369
278673568
3697205
110081343
199475229
430522014
116297527
130985963
202743832
319489472
267231107
3425955
7250278
210787766
164399664
59813610
735997785
116691672
8645771
611925605
150560625
300070004
210299394
293080550
81562447
207266659
407400092
2625800
194330357
526827458
2081988176
718447584
489567697
96801567
24097387
337138495
7493507075
37796149
480912863
206481390
175674583
128556478
263802225
123866295
342875493
57906326
71703672
235010276
145768760
487253694
1112413108
135484524
213566116
176356708
390206260
96341764
72038235
2135469492
1496171674
878080013
178978193
380710405
436205623
499641053
171868866
172229656
87552912
194850750
189112690
146896933
846711
79509958
141154971
16606625
917167170
165036895
815275873
310881261
71262767
2078091185
279209334
1215881056
197274838
7429506368
48065566
239731218
4258129
272652786
112870111
344681234
246811480
245540309
121638958
219695871
19969044
199592881
686783103
2009262064
948460475
445018751
342005251
221869662
510729428
196502740
6653094152
296307638
138265855
564022771
122066390
66607517
186516773
400048585
188043701
985416618
93289417
3293533
8090239
92420180
359633981
268004035
184434135
463385362
56005800
78169283
956122347
335945929
48839336
215451973
61471806
41295641
206215395
94719155
130074783
7485938651
488248359
463773766
197323071
133317666
89827714
66075176
154424498
99117096
50876535
194383774
113939364
331461911
239216910
359382930
31285
524596062
61842820
157745750
798193063
168101806
329915
203044068
185912615
401837853
461923889
715959822
467097
681292104
316549175
44352698
173925234
3073561
5457098152
184458794
470271479
59352582
147937675
46328768
535224657
435634104
117020612
193635361
6495186618
138317604
1820526201
63518005
253187052
23549506
303798304
236389341
325293553
334638849
28253540
323727113
1151568266
170537195
189790994
68375189
359163190
575653580
291672315
407800859
197624159
91717534
519776452
108382241
81730302
327726724
906617802
122868566
452658279
65888246
289054927
76021543
294796638
600924
763559
277094257
192193818
7487090472
116483297
904066583
1336321400
3412850
242025
37134208
122569054
3549248
338585997
46631966
449487013
1060795385
392472194
386663337
135429336
264039050
287980532
113991466
81563043
372494359
203643340
466401522
7137840492
1002144890
467931696
5802976305
388450651
1177469424
1960404
138425893
123801203
1522695753
239062409
171381747
107741014
378894809
328852556
93869359
5132404291
55545957
334537213
201054435
80005159
4494270
302698484
3044298
2130373544
21862724
508836119
155552838
113872108
104596690
188021878
437223952
121151715
26901622
48884059
644797582
179869142
89160926
68484555
171370862
135100955
145583216
210774542
14186052
320313322
248249095
1764576
192475189
361680129
142917947
2107913778
351042037
254178521
7060471252
246648032
364234956
223945520
99715867
473771624
129750596
301526281
1079630
344426376
229936629
34391698
717668819
5807352607
147932717
486188966
227410442
193815501
93093445
501913564
38756899
506861266
48127481
1079724
300596362
70331291
651831929
147527878
260447631
117088284
2142566900
3078017
124597910
396232046
3888962
304667397
609676348
241791976
139170357
426822314
1010146289
150740917
26386338
416292893
5231882548
682280882
89944505
259749324
134799102
59029105
103085311
137029840
222849443
216225286
125949405
151975294
354656967
1938575
398168149
413682666
326354839
394771365
5019670
4300450
39734308
123245667
185764015
516155296
249218865
448698470
216390693
80560173
124055577
190399458
191386075
126432769
855233647
1513079924
944475224
92751738
192142454
660713068
1064602564
886538286
1194973103
144797469
499825894
170766796
5190710403
263891099
162060718
847649064
660367148
432005837
506058522
70897082
215771179
7598187054
582532376
185657537
210376360
104985054
344378471
548670973
65707164
899592713
213979123
234325520
350111608
1034261
790670715
5078198696
240892786
91228174
1829190194
614710210
597730
100539545
123873307
460148494
77126140
468677031
862949147
113751290
225277672
1212893619
422745827
477607588
177340236
386915729
169749702
474782211
203943056
301503380
393460786
134680146
395953456
655570290
11287683
30825900
66026064
104389321
213797615
1930697
1333351680
519006122
670957861
222822176
126097549
242416141
7722312525
115401103
2769131
5153557033
